4779
3026
277
4435
3826
737
3270
4174
4428
618
170
3317
2797
4399
319
1821
4075
878
2739
359
1495
3468
4622
4575
3649
1924
4574
4110
3067
4310
387
3277
121
3618
4001
1170
3351
4892
935
231
2794
2390
1080
2252
2306
2949
4892
4578
4858
3054
3683
200
4138
3955
2434
3065
3868
3954
2179
227
1098
3086
600
2165
732
3959
4494
1995
4956
4921
4175
777
3254
4095
192
2041
1862
4815
568
1418
3888
2078
4581
4559
2597
1145
3466
3657
527
653
4815
3150
377
2894
3785
4943
1890
4703
1580
2217
3779
3676
4471
4698
2034
3768
4509
3675
1851
4083
1917
4302
493
4765
538
2558
804
2740
3877
4840
2266
3079
427
3507
3980
1436
1833
3072
1758
3721
3163
4703
1310
3981
989
78
1505
2628
450
1221
1485
3851
4287
3756
4243
3006
3081
3581
2734
2645
3592
3090
4406
4182
4496
3475
3971
2081
3646
4695
1909
3074
1213
309
3676
191
1642
3768
4857
3179
2486
2236
4805
3032
4037
3831
486
140
1697
1853
2047
2205
1566
4075
4623
2578
530
1575
3415
4861
1582
304
4255
4194
686
780
3001
4602
1849
1136
636
4751
1507
985
3925
3963
4518
1082
4177
4651
4221
4071
2575
953
1251
2738
516
3541
1073
4151
4703
627
1167
1712
2250
2577
1122
1767
4302
784
3898
12
2000
4388
972
4745
2039
3089
2053
3009
4508
3713
1165
59
2421
3558
35
495
3774
2114
1126
1863
3144
4963
3083
2909
4841
923
2610
4397
1503
1689
3576
1408
814
4465
356
469
4639
3472
1813
3788
142
4299
385
3198
4654
2666
4533
3849
339
98
4994
3845
1750
4979
2420
3285
378
1444
4253
3612
3788
4846
655
3011
3483
1457
4629
809
3335
2837
2728
1773
1334
4692
720
3601
259
239
829
2360
3169
2619
282
1540
1728
4838
517
2156
3129
340
2308
1044
2937
1488
664
1845
2676
4861
4045
388
3036
2363
434
2818
1329
2344
219
133
1064
2205
4376
2392
4624
1697
3937
4909
2745
3078
926
16
1136
4871
3453
3916
515
19
2599
4587
4199
2198
4365
3050
4815
890
4547
2133
4426
1793
3024
608
3283
1420
484
3501
4218
2889
4552
1529
3101
1124
3057
142
4029
1446
2859
2147
1345
154
4234
3784
4034
288
887
4118
1082
4816
677
2533
2092
4524
1988
1826
3592
733
3456
532
1692
4389
1686
1747
1327
85
4917
138
3880
744
529
1195
4129
4030
1208
1976
373
739
1813
2395
1125
618
4191
3304
4121
2192
857
695
3247
4091
298
4892
1579
620
3535
1089
1475
827
491
4726
2605
3633
2634
991
1388
920
468
3402
2567
2055
427
2828
4134
221
1032
3892
3064
1529
100
411
2864
1504
4253
40
1789
902
2823
3973
269
3422
47
4993
3275
732
745
486
4036
3275
4762
1555
2563
1578
668
3632
1677
2956
703
3069
1181
3934
1995
4554
3430
4529
2076
3842
3284
4200
1312
2624
3376
800
4126
909
100
4326
3872
4370
1540
2786
4065
4149
4252
2444
4625
1574
1131
4698
681
1054
3086
52
3127
2809
745
2501
4463
4044
966
636
1900
2526
224
679
2642
4260
197
1608
3077
2053
2517
278
919
2649
990
418
2191
2169
3250
32
3028
3739
4213
1377
4806
3282
1948
3286
1940
2589
3813
2893
4730
2587
3172
1061
4951
1258
4817
4454
414
4837
2632
2804
2980
2149
1414
3278
3869
4112
2190
785
3815
904
3209
2409
3414
238
3465
3208
4364
3539
3011
2596
1570
4595
588
1742
583
4872
596
3955
1446
323
1924
4387
1831
255
4636
1944
4582
1503
1745
2120
2331
2489
1093
1036
1092
810
2446
4938
438
731
3015
2382
1780
944
4032
320
4701
306
1797
1831
95
3889
3179
1734
2513
1345
4736
2039
3055
1503
4693
4741
109
4418
3867
879
1502
4539
3478
2476
479
1206
4410
2477
1929
1043
1574
2846
4627
4340
1616
402
373
962
876
2936
1227
1045
2950
880
3545
4947
3703
4315
4354
1160
1553
1525
408
2898
747
4214
3776
4572
2294
3539
3776
521
4741
3833
2655
320
457
3181
1512
4847
3830
3823
1713
4136
3785
4672
2729
206
4909
1796
3498
2226
2468
2907
3121
4365
881
2938
3839
1096
720
1719
3321
140
3567
1960
173
4899
3547
3386
492
4538
4474
892
3256
4132
460
4157
1410
1559
4830
3653
4619
1818
3366
1392
1790
1062
2528
1601
3646
412
4159
2078
570
1984
1520
702
2612
3149
1917
921
4652
1349
735
4523
1869
1395
3901
3442
3156
1251
3727
4335
780
2199
1781
271
2370
1716
2716
17
1816
1048
3706
3658
1530
156
3745
4007
2270
2113
4544
387
108
2225
2001
3007
1807
3791
534
3348
1459
2774
4714
3227
2292
577
3200
297
161
3454
40
1895
3349
2480
1761
2092
2520
1428
4988
1434
523
3413
3096
3120
4085
2724
227
547
581
4071
2401
2928
1082
1832
938
3516
4809
4377
341
2350
3971
310
4871
536
1730
1129
2018
4908
3358
4213
1410
4141
556
3467
2530
1116
2308
2403
1609
1451
1932
2659
1462
3728
2053
1570
4431
3965
2566
3589
437
4423
1789
371
1962
1383
4469
2527
1622
3131
4919
3379
589
1201
2048
1499
2547
3071
4857
1414
2471
3640
306
2647
4324
1361
2162
2149
719
1064
2778
2874
1638
4936
2851
1412
4757
2101
385
1955
1273
3916
4883
4949
633
1135
2594
2665
3435
1443
274
1881
1484
4063
4513
4378
3367
2252
2975
2523
1459
2502
3076
665
1961
3252
3119
1604
3212
1007
4335
336
2262
456
2164
793
2493
1959
56
1278
3713
456
2872
2815
4390
2264
1516
2542
568
3126
2615
1795
1239
2563
4569
970
4880
1936
628
1020
1033
1449
3775
1461
1321
1939
4966
4212
3815
2816
2856
412
4789
3650
4651
4357
4715
645
292
597
