9
12
17
21
25
26
31
45
59
63
64
69
74
89
91
92
92
99
100
103
109
114
117
118
136
146
154
170
171
172
175
192
196
198
201
204
208
210
225
226
238
244
245
245
257
265
269
289
294
295
295
297
298
303
309
315
319
323
325
327
327
327
331
338
339
341
354
355
357
358
360
367
369
370
375
376
394
397
401
402
403
404
410
415
422
438
448
456
458
459
467
470
474
478
487
488
497
503
508
510
515
518
522
534
535
540
540
541
543
546
553
554
555
578
594
606
608
620
622
625
630
635
637
646
656
657
671
674
675
687
688
690
691
691
703
716
726
735
737
737
742
742
750
753
754
759
765
774
776
782
790
796
796
796
808
815
815
815
825
828
828
830
835
837
844
852
857
862
867
877
878
893
896
918
921
924
929
936
937
940
950
957
957
959
962
966
979
998
1002
1002
1015
1020
1029
1034
1044
1051
1052
1052
1054
1061
1081
1094
1096
1097
1099
1101
1103
1111
1114
1116
1122
1136
1138
1155
1157
1162
1163
1164
1169
1170
1174
1175
1179
1184
1186
1193
1194
1194
1199
1204
1206
1223
1231
1239
1244
1246
1251
1254
1255
1262
1265
1273
1273
1275
1276
1279
1280
1283
1283
1290
1300
1308
1313
1314
1315
1316
1318
1318
1323
1332
1342
1345
1346
1347
1350
1352
1357
1361
1367
1370
1373
1374
1375
1379
1391
1396
1398
1399
1409
1419
1420
1420
1424
1427
1431
1432
1438
1443
1445
1450
1451
1457
1460
1460
1464
1467
1481
1489
1497
1512
1521
1523
1536
1539
1541
1556
1558
1558
1559
1563
1565
1569
1570
1571
1577
1578
1580
1586
1618
1630
1645
1648
1678
1680
1690
1696
1700
1701
1702
1704
1705
1712
1723
1724
1725
1726
1735
1740
1743
1746
1749
1777
1782
1798
1804
1808
1815
1824
1826
1827
1827
1827
1831
1848
1848
1858
1859
1860
1862
1866
1868
1869
1872
1878
1885
1887
1890
1895
1895
1898
1903
1906
1913
1924
1925
1926
1945
1945
1954
1955
1955
1962
1963
1965
1966
1976
1977
1992
2006
2031
2032
2033
2034
2035
2041
2042
2043
2050
2051
2051
2052
2053
2060
2063
2067
2069
2073
2082
2083
2085
2102
2102
2107
2117
2119
2122
2123
2128
2130
2130
2131
2134
2134
2139
2143
2151
2158
2169
2177
2178
2179
2179
2182
2184
2185
2198
2198
2199
2200
2214
2214
2215
2223
2224
2224
2225
2226
2226
2232
2232
2234
2245
2246
2247
2249
2250
2251
2259
2264
2265
2270
2270
2275
2292
2299
2300
2312
2315
2321
2322
2323
2326
2333
2339
2344
2345
2347
2353
2356
2358
2360
2369
2374
2388
2389
2390
2391
2400
2412
2416
2417
2420
2423
2427
2430
2431
2437
2438
2438
2446
2450
2452
2454
2459
2470
2471
2471
2482
2483
2484
2485
2487
2489
2489
2497
2504
2512
2545
2550
2554
2556
2561
2562
2562
2567
2571
2579
2579
2583
2591
2595
2595
2598
2601
2613
2620
2629
2631
2632
2642
2643
2646
2655
2661
2665
2675
2682
2685
2689
2691
2691
2696
2698
2701
2713
2721
2726
2751
2753
2753
2755
2759
2775
2781
2782
2794
2798
2809
2814
2817
2819
2827
2827
2827
2835
2837
2856
2874
2879
2883
2887
2894
2903
2911
2913
2916
2918
2924
2928
2932
2933
2947
2953
2955
2958
2975
2975
2976
2977
2980
2982
2990
2993
2998
3004
3009
3016
3019
3023
3029
3033
3040
3059
3074
3084
3086
3088
3089
3091
3093
3096
3102
3109
3113
3120
3123
3125
3127
3134
3138
3142
3144
3147
3150
3155
3162
3164
3165
3175
3179
3183
3185
3189
3190
3198
3202
3216
3223
3229
3233
3245
3256
3257
3258
3260
3261
3262
3267
3282
3287
3292
3301
3310
3311
3312
3315
3317
3322
3330
3333
3334
3336
3344
3346
3346
3348
3352
3354
3354
3356
3366
3369
3375
3379
3382
3386
3388
3389
3404
3409
3410
3410
3414
3420
3423
3429
3443
3443
3451
3456
3464
3466
3467
3476
3476
3478
3480
3482
3488
3490
3492
3495
3500
3509
3512
3512
3513
3537
3544
3552
3555
3566
3566
3571
3574
3574
3575
3577
3580
3581
3581
3591
3595
3595
3600
3602
3610
3610
3621
3635
3643
3650
3654
3656
3657
3661
3662
3663
3665
3667
3670
3674
3675
3678
3680
3687
3696
3699
3705
3707
3711
3721
3724
3724
3731
3739
3746
3753
3754
3755
3756
3763
3764
3765
3772
3772
3776
3780
3783
3788
3789
3794
3795
3796
3799
3803
3805
3809
3810
3819
3821
3826
3831
3837
3845
3849
3849
3856
3859
3861
3861
3878
3883
3904
3906
3907
3913
3919
3922
3923
3925
3933
3968
3972
3973
3976
3976
3977
3984
3993
3993
3995
4001
4002
4008
4009
4010
4014
4014
4018
4020
4024
4027
4030
4034
4048
4048
4049
4052
4063
4065
4065
4072
4075
4076
4087
4102
4107
4122
4132
4134
4138
4139
4145
4147
4148
4164
4165
4173
4183
4186
4187
4187
4196
4198
4200
4201
4203
4206
4208
4210
4215
4215
4217
4218
4237
4244
4245
4269
4270
4271
4274
4274
4276
4276
4278
4279
4283
4325
4331
4332
4341
4341
4344
4353
4364
4366
4368
4377
4381
4385
4385
4391
4398
4400
4408
4424
4433
4437
4442
4443
4445
4449
4459
4461
4463
4466
4472
4484
4512
4513
4524
4538
4542
4547
4553
4565
4566
4590
4592
4596
4597
4598
4604
4625
4626
4626
4627
4635
4657
4658
4666
4669
4674
4682
4687
4689
4693
4696
4697
4700
4720
4735
4736
4742
4742
4750
4756
4765
4775
4778
4783
4785
4790
4791
4792
4794
4802
4805
4820
4835
4847
4856
4857
4859
4873
4879
4889
4900
4902
4905
4908
4919
4920
4922
4925
4926
4934
4938
4941
4944
4952
4956
4965
4978
4988
4990
4992
4996
5000
